1 35
81 93
86 50
45 3
88 11
25 19
37 83
64 2
86 80
28 29
51 95
77 23
91 1
91 37
34 75
35 62
50 54
84 1
98 32
91 36
81 50
11 93
1 57
34 35
65 64
23 83
100 14
99 64
94 55
74 83
82 34
45 78
40 96
24 66
53 22
22 53
22 11
99 64
16 16
44 7
8 21
32 60
94 33
41 23
44 19
43 3
93 53
57 33
50 41
19 68
88 81
27 62
82 38
81 59
79 24
95 100
56 40
7 16
48 6
86 44
62 100
31 41
73 11
46 78
78 36
61 5
5 25
43 98
24 58
13 78
55 11
59 43
44 10
64 7
3 88
87 42
53 84
83 4
86 75
78 53
30 90
96 96
3 37
4 1
22 70
65 45
67 98
58 73
61 43
2 33
20 81
42 29
24 24
48 70
19 36
10 90
13 62
77 97
60 92
13 21
86 71
52 8
46 26
17 53
43 8
35 47
99 51
44 50
28 9
39 55
64 80
84 25
24 75
77 92
73 3
28 47
43 55
44 20
48 41
48 57
82 72
99 14
68 49
56 93
1 75
64 50
82 92
38 87
44 13
81 37
15 84
73 61
88 4
97 33
74 59
26 53
83 36
93 81
83 30
35 37
28 88
82 73
25 28
16 54
58 23
17 80
37 92
53 89
82 9
7 57
42 61
73 8
47 92
3 94
13 52
61 75
27 9
18 65
40 68
12 36
29 74
99 12
53 100
39 20
5 31
94 78
14 51
99 82
85 50
82 1
97 49
14 28
30 7
72 76
23 12
59 94
43 15
64 100
6 98
17 48
5 22
47 93
89 54
58 50
36 62
77 91
81 17
99 55
10 38
51 36
1 46
35 36
100 38
4 52
64 82
1 91
18 62
94 11
29 57
12 3
60 92
68 100
64 32
35 77
29 42
39 75
68 85
66 11
53 87
19 86
24 73
47 7
5 18
88 43
38 43
54 55
2 40
64 22
21 100
4 61
31 36
38 64
84 79
74 83
41 92
27 42
22 47
89 69
61 56
1 45
29 51
88 86
37 66
95 43
48 56
47 43
94 71
46 96
8 99
37 14
17 28
17 65
81 84
64 4
18 71
96 64
39 82
38 71
6 12
87 24
43 32
58 70
55 81
57 91
35 75
11 91
96 74
57 83
25 61
7 72
14 49
64 97
80 84
87 56
100 2
81 35
50 70
79 31
45 83
80 8
27 44
39 10
66 95
94 57
51 33
66 94
51 49
41 13
48 36
89 32
9 81
100 28
59 53
15 65
94 84
63 3
47 21
27 25
52 71
67 70
61 89
51 52
98 68
3 67
88 78
55 52
94 32
17 66
10 26
53 9
83 37
84 71
63 93
52 39
79 72
41 59
42 61
74 56
88 11
77 67
99 21
62 84
48 54
36 68
15 68
17 60
99 4
83 46
100 91
16 94
31 47
45 95
64 93
91 34
14 55
5 69
9 80
64 18
43 58
44 90
85 12
32 43
59 50
53 56
16 4
28 84
67 31
27 43
86 81
18 64
52 95
76 66
44 79
43 100
98 31
37 77
32 40
82 76
19 42
89 84
35 1
60 61
41 85
46 30
95 66
96 40
29 85
4 7
60 52
5 84
57 1
9 32
60 100
60 47
6 43
38 64
64 82
3 68
23 1
46 63
12 32
83 9
7 31
80 63
16 84
60 62
15 29
54 97
87 29
42 50
81 49
75 66
46 78
16 21
22 45
20 95
35 89
72 81
27 44
76 75
47 37
61 16
66 54
19 69
49 9
10 89
45 45
28 34
63 7
55 13
30 69
56 62
62 23
88 58
75 4
66 10
18 43
7 42
13 20
28 50
87 20
91 97
48 89
93 27
45 65
19 40
81 84
98 33
89 10
87 62
50 74
39 14
53 54
94 82
66 25
91 43
39 71
41 92
98 52
29 48
15 44
24 58
5 77
54 11
18 96
71 9
34 69
13 23
46 37
61 25
73 81
26 96
50 52
34 65
22 38
80 43
64 52
71 7
3 26
39 47
46 7
2 19
18 55
11 49
99 80
50 34
13 1
72 36
13 32
2 75
61 54
44 38
57 51
34 60
32 91
18 27
40 43
87 77
38 6
86 70
75 46
2 84
92 76
58 76
29 61
48 13
83 45
99 15
57 19
30 72
9 35
56 5
4 35
47 97
91 28
44 30
65 50
77 87
81 84
44 10
21 37
25 46
82 28
39 67
9 78
57 2
33 59
46 96
85 18
30 64
4 96
26 85
41 33
70 19
48 26
51 54
17 44
31 30
96 76
98 32
9 76
35 8
35 10
99 65
24 97
73 62
64 7
98 32
86 42
87 73
43 57
23 47
73 26
6 24
45 18
36 36
34 14
52 8
51 77
91 71
40 20
2 37
11 62
48 45
80 19
35 59
23 41
81 5
10 91
3 12
75 27
54 19
21 89
7 29
37 21
20 27
7 97
56 27
36 12
79 12
12 33
5 17
81 65
27 16
89 46
64 35
54 87
97 81
60 45
72 87
13 62
31 76
43 48
42 26
59 30
21 45
10 9
13 35
18 40
71 49
43 24
64 44
65 92
95 57
94 67
59 49
59 79
82 28
96 58
32 83
36 63
69 52
14 6
58 52
12 80
58 19
67 98
15 93
67 62
87 48
3 56
14 7
28 1
77 91
61 76
9 35
63 9
80 14
33 32
42 91
48 100
7 65
81 43
81 88
82 27
46 57
83 45
12 96
74 1
43 54
25 73
28 24
62 9
15 65
10 86
72 17
56 85
3 47
16 86
27 25
58 42
48 21
81 18
67 36
70 46
84 68
19 75
28 95
88 51
19 33
94 94
92 7
12 3
13 53
15 13
9 93
57 63
89 49
54 20
37 22
88 41
90 85
40 11
18 88
23 57
16 97
16 45
78 4
36 96
6 36
87 36
14 63
51 37
96 98
42 40
7 37
98 18
25 34
34 60
77 73
16 82
48 92
65 98
52 93
24 14
18 34
17 65
86 79
55 23
32 40
4 19
41 82
92 43
66 100
52 61
100 84
64 25
95 60
40 9
93 56
62 39
59 17
98 62
62 14
62 32
3 63
88 5
13 4
83 81
79 17
48 55
48 17
87 75
34 69
61 83
94 27
61 96
59 59
13 48
86 81
21 65
35 5
36 31
97 30
74 32
76 53
76 69
82 6
30 13
81 88
17 20
64 29
57 73
67 17
26 45
93 89
14 1
7 67
82 15
83 63
94 54
57 52
77 35
11 20
51 12
50 41
10 55
93 98
46 57
92 61
10 97
34 99
19 94
81 17
98 57
68 72
57 72
52 43
50 75
78 69
38 10
29 43
39 13
60 17
69 95
62 38
27 9
35 58
38 86
34 34
17 10
82 85
57 96
68 84
78 88
99 89
87 97
60 13
16 78
21 37
70 22
67 82
39 16
98 90
4 89
100 100
66 87
42 46
49 95
5 49
92 95
45 87
27 60
20 5
55 37
2 52
77 52
76 49
82 52
75 80
82 43
78 88
29 45
13 14
19 78
73 34
40 24
59 75
17 40
50 63
79 99
50 78
2 10
67 51
57 69
44 71
88 81
74 17
63 40
69 49
1 39
87 2
45 1
69 11
45 55
25 100
34 91
30 50
83 27
80 97
12 38
65 37
82 16
51 97
60 85
54 56
28 49
85 21
97 42
76 23
32 42
34 28
55 83
24 7
93 75
3 82
4 76
77 37
29 36
88 29
16 80
8 43
95 81
88 31
11 80
52 35
78 80
15 60
37 46
22 29
31 34
37 40
1 44
17 44
89 69
45 3
37 38
67 89
59 6
97 24
98 9
3 24
46 41
86 59
49 76
3 99
27 42
99 93
25 63
96 9
8 57
59 14
67 63
39 97
75 13
66 18
10 60
11 9
67 82
35 92
36 18
14 10
42 94
15 82
84 49
77 38
12 3
24 28
45 99
31 33
68 75
93 79
51 47
9 28
11 67
85 40
60 19
61 37
12 90
54 39
33 9
58 4
94 87
17 39
87 5
32 8
33 96
30 32
39 24
81 12
96 22
96 19
18 12
66 18
59 2
66 30
53 81
6 26
31 71
76 67
93 25
75 21
50 23
89 73
55 3
52 14
97 14
62 51
51 40
66 85
13 91
52 99
10 72
40 28
5 79
78 40
22 38
84 22
45 48
63 53
6 53
98 99
15 2
71 52
100 60
81 78
21 66
100 26
87 96
58 83
25 64
98 40
14 22
94 9
18 92
61 47
42 83
71 70
47 76
69 75
42 45
11 39
89 84
20 48
20 46
55 71
97 100
60 89
75 81
96 29
70 61
3 30
59 50
26 37
4 20
74 36
83 91
51 74
13 9
10 65
77 2
50 15
78 79
54 65
5 34
64 26
42 4
96 72
9 65
92 21
94 74
22 55
100 35
96 87
90 54
87 36
81 78
60 90
3 23
35 15
67 68
41 81
55 70
91 53
15 46
40 50
36 73
37 29
83 100
10 44
5 76
14 32
61 1
46 73
26 56
44 56
74 56
76 43
82 34
100 13
75 79
69 12
88 13
59 39
3 88
28 38
28 98
96 7
83 88
53 94
77 48
61 42
31 75
47 32
88 33
24 17
21 85
54 77
30 28
43 35
83 43
83 31
34 51
56 82
50 42
89 55
46 1
37 20
42 26
33 95
10 18
42 35
30 91
71 47
77 83
68 94
56 98
4 6
62 37
44 52
62 31
41 58
75 98
49 22
63 98
78 17
13 86
23 4
21 26
47 42
21 52
34 80
34 68
74 22
5 87
9 9
51 22
84 67
66 26
94 37
13 39
28 61
80 92
97 42
16 48
46 56
69 12
6 18
40 16
93 4
32 93
100 56
40 76
83 6
45 49
41 79
30 58
22 48
36 26
43 44
83 10
58 76
47 16
27 92
16 8
20 59
37 79
31 89
65 26
75 8
7 6
22 12
92 50
89 24
43 54
19 63
71 55
55 13
26 61
25 82
36 87
10 30
68 66
69 29
16 96
12 77
29 64
46 63
8 62
40 8
41 66
98 20
79 46
91 81
31 86
49 5
82 44
89 87
60 80
22 42
38 33
58 87
77 81
64 100
25 33
66 11
76 15
52 15
42 49
10 30
89 91
91 41
97 49
30 48
24 31
64 8
84 96
24 38
74 97
37 50
85 82
41 23
68 91
2 54
30 46
60 36
79 81
61 9
92 14
82 54
41 83
47 40
93 3
30 44
76 80
26 61
68 35
96 26
2 32
88 25
27 69
24 72
72 82
19 81
78 54
54 23
11 38
50 6
74 60
66 70
54 56
29 100
76 30
75 100
55 67
17 76
20 91
62 88
19 13
19 66
17 75
82 65
66 18
86 53
75 27
11 76
10 91
100 62
69 46
48 72
100 79
60 60
89 13
5 6
70 37
12 16
18 8
82 82
100 90
65 44
91 32
90 61
91 59
57 7
29 8
91 24
36 60
54 54
8 20
9 11
51 81
88 66
50 12
64 36
54 31
26 97
81 25
36 70
23 61
21 5
73 66
6 66
74 87
36 57
21 7
54 36
23 53
47 70
46 52
90 53
66 88
98 34
11 37
39 99
79 86
40 62
79 23
22 75
66 32
60 25
17 68
45 44
41 22
9 67
62 76
52 27
75 63
88 93
48 35
70 14
10 31
28 78
24 60
20 68
49 95
63 64
44 81
80 85
35 14
79 38
16 75
37 78
49 88
42 33
9 17
45 6
1 45
48 91
21 15
21 91
53 96
92 29
57 10
62 51
44 25
92 48
74 41
28 39
10 47
100 33
67 67
21 69
39 87
74 53
76 6
65 69
45 67
70 17
30 100
7 62
75 1
90 67
82 40
73 14
37 22
78 85
46 47
5 85
99 67
7 100
17 25
39 49
51 9
14 88
94 55
67 24
20 59
91 45
30 90
91 98
52 87
14 73
2 11
9 31
59 30
15 7
81 60
51 41
69 23
56 16
69 92
67 66
84 98
66 81
25 31
28 93
22 68
63 95
85 61
51 64
57 12
27 73
49 50
30 24
73 11
87 80
87 31
99 88
8 78
39 82
39 22
53 80
56 79
90 93
32 7
89 95
68 75
83 84
1 92
83 47
98 86
5 54
70 44
9 78
14 19
7 59
42 18
48 15
90 38
25 47
84 40
83 76
15 91
43 81
62 38
19 9
63 15
48 73
100 88
36 7
14 53
82 51
76 59
29 80
5 70
98 43
15 5
32 65
2 20
7 55
83 3
16 99
26 75
12 33
59 67
38 63
11 44
11 96
58 97
59 71
75 42
21 1
69 17
25 11
85 4
78 83
37 61
11 35
7 6
37 71
7 32
36 98
92 80
71 59
97 26
14 77
70 32
38 50
89 56
68 29
72 4
62 77
77 23
93 96
81 35
89 13
93 40
92 11
67 39
43 15
45 30
5 95
43 36
5 37
26 19
37 41
89 35
83 24
23 46
48 41
72 51
11 47
93 87
90 33
9 30
32 90
26 99
56 88
38 1
62 7
24 14
30 71
37 89
8 1
59 5
40 64
2 61
18 28
36 78
90 91
54 32
84 95
77 48
100 13
90 30
47 80
29 8
76 14
52 95
60 97
25 62
10 66
98 94
82 1
94 66
54 88
36 86
44 89
80 54
55 52
78 91
33 44
94 94
95 19
95 30
61 4
77 30
34 50
23 72
5 35
78 78
7 21
71 40
57 16
35 3
82 66
49 91
5 77
97 91
94 21
82 47
77 60
91 91
43 53
41 19
58 66
32 87
5 39
98 16
32 80
63 88
5 38
45 45
97 98
11 76
9 16
53 43
57 7
63 43
11 13
3 12
46 8
44 94
26 65
87 53
39 60
97 52
29 87
53 46
32 19
21 11
86 60
44 30
11 71
100 81
19 64
70 58
5 43
68 59
78 41
23 66
14 57
47 6
24 16
61 30
73 18
83 67
38 99
83 29
59 85
68 1
54 66
94 27
48 95
56 98
19 35
81 65
4 73
12 45
38 55
45 56
70 35
71 52
36 50
18 15
84 16
1 86
49 93
16 81
15 81
84 90
38 58
24 73
74 90
94 45
79 59
46 29
26 19
1 64
75 31
31 62
83 38
64 48
1 28
83 2
72 94
47 85
38 12
64 22
45 10
19 28
96 55
35 9
15 46
77 15
52 91
93 22
26 79
39 9
5 91
58 44
40 36
35 2
37 20
22 8
77 87
6 80
67 63
2 98
10 42
84 34
93 58
54 84
75 88
94 46
30 92
14 85
91 97
14 43
61 3
62 15
60 42
92 69
48 96
82 68
6 28
30 79
89 49
18 44
54 3
98 36
54 55
63 87
16 4
66 61
94 46
79 34
18 19
94 53
42 47
60 95
28 75
11 37
96 43
86 33
41 4
46 56
72 79
33 3
70 45
65 55
30 18
72 34
53 77
94 79
72 11
53 14
20 51
37 36
7 58
27 8
74 29
94 42
40 77
88 14
94 48
55 86
33 89
21 2
1 2
5 49
94 40
62 18
22 67
46 88
93 31
36 65
12 28
58 40
47 93
27 11
97 61
20 7
76 24
33 66
7 9
14 71
15 55
67 25
15 74
54 73
57 100
37 38
14 9
30 96
64 79
62 51
75 60
6 98
62 71
4 86
75 99
78 67
55 42
100 16
80 48
79 10
58 36
32 11
75 93
20 2
15 100
31 54
52 75
17 84
59 45
53 3
95 35
19 65
4 39
61 21
37 48
81 89
100 11
52 72
7 78
1 59
42 100
41 51
33 89
56 66
24 28
76 16
62 88
7 76
83 61
6 20
17 48
88 44
7 27
92 38
11 72
72 53
57 72
85 60
5 15
47 50
13 10
79 74
95 73
91 2
52 41
19 36
24 57
24 68
72 59
5 27
99 83
81 2
60 100
94 27
81 47
24 84
82 78
28 66
67 55
67 30
7 87
18 76
60 60
67 29
7 74
7 42
63 3
29 13
68 33
45 82
69 80
56 92
66 100
48 96
73 83
76 80
91 26
18 72
11 1
97 48
89 71
47 37
7 12
45 84
73 59
1 50
87 68
99 100
15 37
40 17
86 100
2 27
39 18
6 39
99 35
56 89
46 16
39 68
65 92
13 18
24 71
4 38
51 1
17 62
25 33
6 11
64 73
43 77
5 50
75 23
92 37
6 33
7 16
55 96
22 78
34 19
60 62
36 71
10 6
64 86
90 40
75 32
46 14
35 78
96 29
51 35
54 82
46 79
50 75
80 80
3 95
61 26
92 26
59 12
67 20
71 83
71 71
68 4
41 29
66 75
66 81
53 93
75 1
24 76
8 32
68 55
63 57
43 68
28 58
93 7
8 66
71 52
63 3
35 80
6 80
15 83
8 88
5 84
91 60
32 52
88 28
86 70
97 97
32 55
82 63
43 7
84 5
27 3
71 48
58 91
64 12
94 35
39 57
1 1
24 71
99 18
35 98
87 7
23 62
41 36
54 82
28 82
60 47
10 76
32 88
60 40
50 57
98 61
32 31
12 55
45 99
75 23
83 92
38 31
73 41
67 30
83 69
16 43
59 77
5 62
68 35
56 77
40 10
31 28
6 71
34 31
16 88
99 77
63 49
57 53
88 6
29 36
5 37
64 29
58 74
27 65
80 35
100 48
3 29
55 99
3 46
21 66
45 81
4 53
94 46
67 15
77 71
59 57
73 87
38 21
60 34
73 27
46 28
30 92
80 64
5 5
15 56
92 58
70 75
42 40
38 31
88 37
98 32
34 36
36 84
87 91
16 100
72 86
53 86
40 80
60 34
64 35
14 72
98 24
47 36
56 36
15 4
68 36
14 22
87 54
85 33
55 91
71 1
35 25
78 94
85 53
26 55
65 63
15 48
14 62
85 45
13 37
4 78
72 13
9 57
100 55
36 62
51 86
33 85
88 42
94 12
23 16
87 50
75 41
62 87
20 19
67 36
65 82
30 92
98 7
17 34
11 75
62 15
47612