41 913
12 268
43 862
36 349
46 183
46 772
49 954
50 213
13 204
19 355
22 235
14 913
31 302
25 433
28 706
10 404
29 835
31 120
33 270
10 859
26 373
29 398
49 883
35 108
6 663
12 664
31 711
16 700
27 2
40 119
37 950
15 555
16 456
21 678
37 589
30 748
43 607
21 173
6 447
32 605
1 372
48 984
50 923
41 793
31 819
40 989
31 981
43 717
46 806
45 372
35 36
49 84
34 535
48 629
1 951
41 448
22 953
48 834
27 427
27 563
39 434
4 614
18 604
22 915
13 940
12 193
11 121
18 924
18 878
32 811
47 464
8 44
27 559
17 371
39 28
5 153
31 181
30 430
36 661
44 244
7 739
16 647
23 26
42 597
26 70
38 958
34 315
43 902
19 269
3 191
20 614
44 224
48 48
45 261
16 446
45 971
11 426
40 678
16 550
46 108
44 827
5 454
13 40
30 397
3 890
49 299
20 761
50 566
18 833
43 945
47 328
6 652
2 278
17 289
46 442
19 846
24 342
50 562
43 317
32 638
38 127
33 946
5 546
27 25
43 738
23 462
9 953
2 703
36 884
12 840
28 632
3 202
17 360
39 261
49 119
8 623
41 8
13 776
49 149
39 304
50 479
37 603
34 392
2 236
29 317
12 185
33 64
23 903
8 166
50 839
11 127
42 75
45 540
43 443
45 213
8 682
24 827
5 394
16 632
35 544
2 812
28 268
13 105
27 725
45 986
5 997
3 220
13 993
41 877
45 389
33 852
39 776
35 763
22 957
3 567
1 501
21 830
45 825
47 737
48 827
28 877
24 819
43 77
15 563
26 509
29 834
40 224
6 310
40 893
41 449
43 343
17 663
6 458
33 911
38 304
42 458
13 464
16 175
37 798
27 1
16 955
20 182
43 171
43 259
22 204
17 942
50 114
8 398
40 142
45 214
22 119
21 569
9 294
19 769
21 121
34 911
45 136
37 132
7 431
42 992
33 927
11 460
18 767
9 236
19 825
41 1000
21 209
13 616
44 492
35 517
24 377
16 73
15 421
2 883
41 444
1 571
36 364
30 234
30 977
29 415
19 36
35 740
42 706
18 43
40 278
47 110
39 461
5 450
17 801
3 973
7 318
1 769
11 559
29 725
21 996
41 244
8 105
48 710
48 61
2 35
11 100
47 570
23 232
11 406
37 53
25 670
6 258
41 920
36 74
30 48
24 829
21 617
2 590
3 125
46 53
19 733
25 765
6 935
23 15
25 762
13 321
37 931
29 257
34 608
8 533
24 361
3 105
11 835
7 563
28 27
29 949
12 557
11 897
6 415
3 785
14 15
20 948
26 42
50 295
29 290
36 832
30 23
3 419
50 417
30 31
49 169
44 149
15 825
20 88
40 981
23 354
8 380
29 396
8 815
41 554
32 450
39 989
26 772
41 47
13 847
32 819
14 746
24 770
2 655
18 428
12 821
45 491
42 851
41 278
45 114
20 203
5 595
34 174
5 999
48 831
32 549
2 129
18 609
47 85
7 920
46 335
9 153
2 676
6 645
17 563
47 166
32 420
30 518
21 309
9 909
4 531
9 540
8 290
49 788
44 858
30 960
30 415
13 535
10 82
19 687
5 678
18 775
30 137
26 104
30 331
20 803
11 920
8 392
38 481
33 776
47 102
17 767
15 680
1 258
26 443
35 194
14 969
3 980
25 225
29 315
48 103
20 372
19 66
15 526
7 213
30 732
41 830
39 709
17 215
29 470
8 491
31 544
42 968
30 763
49 419
36 747
25 814
45 92
31 753
47 194
20 595
41 995
20 520
2 814
11 760
32 494
10 638
36 64
40 644
36 562
38 352
46 778
29 326
46 608
7 103
24 783
29 980
28 711
6 806
27 939
3 800
46 658
23 746
24 906
40 747
14 98
27 303
49 158
9 45
41 775
42 292
17 425
2 600
2 31
46 341
31 338
9 858
46 939
15 505
42 791
28 26
30 876
2 826
37 194
31 175
20 757
48 167
13 240
35 600
9 588
8 742
38 238
41 14
3 122
33 348
24 573
27 273
28 503
12 816
19 202
4 550
3 519
14 611
22 280
33 807
14 568
17 814
22 795
35 536
43 29
38 457
2 710
49 493
18 627
50 438
34 601
7 271
40 952
24 620
14 246
49 574
30 767
33 854
11 731
43 106
36 993
46 968
44 820
9 917
14 1
6 903
16 429
39 882
17 569
13 81
43 890
6 797
18 630
28 206
40 312
19 967
11 713
8 755
5 1
9 346
17 796
33 690
40 106
6 680
30 614
12 757
33 427
27 907
26 22
30 800
13 562
35 314
45 302
2 927
41 833
22 133
22 977
42 365
30 733
13 869
43 972
25 872
12 696
6 943
20 513
15 272
43 773
8 223
10 383
38 615
33 484
42 360
29 880
38 299
10 178
5 217
38 879
50 98
8 746
31 583
43 422
12 84
9 340
16 862
3 344
27 293
1 108
35 822
34 562
31 969
32 199
27 812
1 78
1 42
6 710
46 112
33 895
5 462
6 649
29 235
47 628
34 213
10 260
11 421
20 120
43 873
40 11
6 837
7 391
8 577
34 601
31 538
50 532
32 435
7 924
47 469
32 949
14 921
22 12
33 634
15 825
26 310
37 454
10 810
47 683
36 63
22 793
37 568
36 468
5 628
5 3
23 79
7 267
39 449
18 764
48 424
48 663
27 15
40 690
34 739
15 943
18 914
2 793
14 616
12 714
38 291
45 357
48 860
5 147
36 65
23 486
47 189
3 583
41 911
18 755
20 856
24 327
37 98
15 536
16 313
16 95
45 738
8 692
16 806
11 546
12 32
28 460
20 960
24 787
32 498
31 483
32 165
41 734
16 168
16 164
37 66
2 751
7 598
41 522
29 745
29 774
3 206
47 251
17 447
5 764
27 737
5 554
30 727
25 835
3 154
32 922
10 714
3 171
15 877
33 165
7 144
12 742
34 768
12 500
16 838
37 463
18 492
19 569
45 257
19 668
34 646
40 179
11 674
24 570
31 826
3 43
35 47
5 739
9 61
12 763
4 411
27 356
29 19
47 528
37 409
27 994
1 348
38 746
21 579
13 50
48 590
42 485
7 317
50 270
2 602
41 89
3 198
48 119
19 674
19 758
49 998
6 359
45 815
32 334
45 104
19 664
44 850
46 926
36 855
48 17
44 401
31 500
32 173
33 100
36 876
29 670
50 1000
7 688
19 563
24 320
16 425
2 489
47 184
35 612
45 571
13 506
22 422
20 302
28 179
22 803
46 455
29 480
35 377
18 202
49 673
8 307
32 640
8 336
49 378
44 477
37 379
15 124
29 606
16 395
48 150
7 565
19 478
19 335
24 244
6 520
11 948
13 461
15 972
41 508
22 520
38 336
31 670
36 390
29 492
24 166
12 351
44 117
14 647
20 362
33 123
24 56
11 101
3 707
2 996
25 227
10 98
10 85
44 793
20 210
35 633
12 624
41 635
16 814
18 671
38 28
33 831
21 211
6 904
20 891
16 475
44 578
2 49
7 980
41 966
39 291
25 459
1 385
38 15
32 284
7 732
23 244
25 410
41 891
37 185
4 929
3 663
16 987
47 752
1 790
22 249
42 187
15 607
15 95
24 128
37 737
38 961
44 978
39 508
31 103
34 250
26 584
39 911
49 342
1 414
36 643
18 605
50 79
39 537
49 941
33 457
20 200
25 118
4 630
29 527
37 468
47 799
18 514
30 371
36 826
12 715
39 16
43 887
6 39
20 121
17 361
38 531
16 422
4 998
18 756
44 617
35 501
19 405
8 591
35 911
40 305
5 332
40 101
25 676
25 297
34 977
3 530
23 626
27 878
6 864
6 596
6 198
30 391
21 276
12 328
37 93
41 895
32 192
2 343
16 528
22 871
3 64
34 894
28 929
32 674
41 890
35 842
11 988
50 39
6 360
27 332
14 162
24 663
11 371
19 116
26 199
39 173
21 174
48 14
16 952
2 445
18 618
40 230
13 937
21 703
19 224
14 264
46 203
18 406
35 434
37 74
13 428
23 544
15 339
23 613
12 563
34 587
45 819
20 569
41 617
23 560
47 997
49 932
34 409
1 292
6 751
28 117
9 212
46 933
25 978
11 936
27 938
21 935
16 735
3 102
24 514
29 218
17 19
10 937
10 621
1 286
3 649
19 679
4 467
13 767
23 746
29 821
14 390
44 913
12 390
36 375
10 457
48 634
5 470
44 935
41 644
19 121
36 433
28 194
9 814
27 589
43 906
2 81
28 896
44 380
45 462
43 711
35 797
27 83
31 358
38 118
18 566
50 857
13 27
36 862
22 613
2 797
19 859
49 893
2 924
48 436
16 245
37 633
42 579
15 857
29 284
22 22
48 578
35 723
37 916
45 177
19 462
1 366
24 811
5 24
10 31
17 381
1 535
33 823
17 457
32 361
38 441
8 672
19 92
7 135
42 23
11 889
7 652
31 645
32 613
16 93
29 949
40 892
6 496
26 313
20 344
22 285
18 242
42 480
16 564
44 947
11 418
8 444
39 502
39 194
34 53
43 818
36 847
25 312
46 173
19 552
14 24
25 666
48 100
10 891
24 465
31 152
45 964
12 984
24 775
31 653
43 580
48 977
19 396
23 258
20 746
50 174
15 857
16 451
37 277
7 467
50 797
29 315
4 978
38 501
38 476
48 129
29 795
5 422
27 625
23 444
42 522
31 471
6 424
11 427
49 673
9 682
45 697
24 243
15 207
20 478
29 761
25 463
40 521
29 708
2 729
5 994
9 249
13 178
19 502
47 759
13 193
22 307
23 746
48 307
27 343
5 12
19 631
31 966
21 178
23 354
13 323
6 426
7 644
42 560
24 702
6 390
9 284
11 368
42 443
5 653
16 189
27 805
5 620
40 715
16 770
11 988
28 192
41 651
44 308
20 322
18 440
32 327
15 86
1 487
21 849
46 282
15 335
44 787
21 795
9 471
34 845
32 690
26 146
13 348
19 180
29 299
29 829
3 207
8 503
32 486
10 517
5 393
38 508
10 631
39 528
33 873
41 761
2 737
38 956
16 550
44 481
4 910
23 904
45 509
46 634
50 100
9 328
8 811
33 501
29 513
34 971
38 646
43 289
30 418
13 868
15 610
11 949
37 628
36 177
16 473
2 560
6 546
38 426
6 218
45 409
23 763
49 430
12 287
19 150
46 879
37 467
23 253
26 873
34 795
42 642
36 972
36 206
4 379
49 799
42 326
8 645
27 400
42 967
21 206
22 307
28 748
6 253
16 850
46 163
36 997
42 881
16 868
27 241
11 124
29 848
44 485
7 670
17 159
11 300
39 834
28 59
30 813
19 739
28 118
18 743
7 983
25 27
44 840
19 867
41 215
30 992
15 639
22 269
9 917
11 226
36 711
49 467
19 816
42 169
28 829
13 650
10 102
14 224
40 386
24 103
29 757
45 307
25 199
28 95
29 413
21 189
42 935
30 400
22 911
14 509
35 201
25 870
17 589
44 742
29 205
36 947
17 431
6 673
36 787
32 844
8 52
19 807
3 240
32 6
4 287
13 703
36 666
28 641
20 583
6 914
48 977
27 888
32 212
14 655
39 246
37 24
37 299
15 25
41 834
8 728
4 941
12 305
43 650
28 877
41 260
27 220
46 191
4 365
11 379
7 177
43 288
6 953
12 977
30 913
10 960
27 317
24 469
31 684
33 149
19 551
1 137
10 741
6 984
15 533
43 951
28 872
29 576
27 625
10 452
50 665
1 562
17 811
21 677
14 105
29 580
50 733
24 664
20 482
42 199
37 379
10 302
1 306
41 434
46 689
6 121
37 502
24 67
2 630
34 526
39 489
40 423
45 399
2 487
47 814
3 730
19 286
43 767
11 598
36 172
23 821
48 785
34 312
38 698
30 87
20 535
5 588
14 80
21 306
39 350
1 605
8 430
18 789
37 590
6 553
19 361
49 326
32 989
22 888
44 632
50 237
18 137
6 628
41 256
20 459
46 90
28 647
45 592
34 568
43 613
21 432
5 376
24 391
6 237
17 571
15 721
27 833
29 618
44 664
5 693
36 419
45 330
32 367
4 987
18 145
37 718
29 93
7 34
30 406
37 92
22 137
38 42
8 892
20 148
2 235
50 893
29 516
6 101
9 132
1 372
26 96
11 653
29 837
23 710
47 160
9 156
39 551
2 722
10 18
33 65
30 803
25 789
22 266
27 530
40 327
29 559
3 673
48 695
35 629
28 376
24 883
34 697
11 135
1 177
44 36
4 203
40 609
12 593
2 380
26 681
2 561
43 11
48 576
17 607
35 190
22 493
16 435
25 640
24 917
48 444
23 703
27 979
37 294
8 447
49 288
47 509
30 641
26 256
15 120
44 96
30 512
9 239
32 710
28 959
39 126
9 851
29 898
9 570
36 511
44 742
14 354
25 581
30 971
19 903
41 967
9 690
34 790
30 923
41 607
15 795
20 118
29 809
24 633
21 542
35 456
16 118
10 309
6 317
28 437
5 776
13 791
27 394
25 604
40 296
17 984
2 425
30 508
21 500
5 499
11 339
45 735
39 946
12 152
43 422
14 587
30 641
14 528
2 102
8 596
45 224
8 86
45 868
22 406
43 253
5 942
8 463
48 564
25 502
26 465
47 144
23 689
10 141
47 291
17 412
11 304
41 754
48 63
17 699
16 132
29 857
32 835
17 233
36 176
31 764
1 166
17 228
33 480
34 213
14 761
21 773
4 182
29 746
28 410
17 152
25 387
30 604
9 52
47 115
45 406
46 716
4 406
48 54
11 406
44 961
21 15
14 436
13 187
20 328
19 898
27 640
13 65
34 585
49 597
17 368
2 93
10 847
18 934
17 793
37 762
37 823
24 351
46 399
24 895
50 288
35 849
46 998
6 284
23 355
32 520
39 114
16 374
12 760
43 807
42 70
24 196
41 144
32 964
35 547
34 903
2 476
35 625
48 914
33 395
21 408
29 589
25 764
16 269
44 505
42 646
37 801
2 510
16 756
30 724
29 218
20 591
6 333
36 778
39 625
4 451
5 874
41 964
33 557
14 920
46 752
17 994
23 211
10 650
41 490
28 474
22 442
35 712
45 654
35 248
42 713
35 86
18 837
47 369
35 204
8 21
20 402
21 281
11 619
34 637
3 706
5 463
10 128
2 843
10 978
50 238
10 205
10 544
39 410
47 827
12 507
45 832
10 731
50 491
48 908
17 691
28 788
36 201
3 613
1 167
29 83
23 35
3 458
2 356
44 494
12 563
24 764
40 151
27 892
36 600
48 783
35 785
3 781
16 668
26 335
34 632
3 870
21 163
28 633
14 608
47 662
22 684
1 435
33 630
39 50
14 820
35 841
34 577
48 770
25 918
36 21
33 26
30 396
10 61
9 968
44 478
34 988
48 319
32 798
6 250
1 700
13 348
43 376
34 742
50 828
18 349
24 902
30 877
21 644
3 710
14 147
20 594
5 366
4 203
12 610
15 793
49 471
30 63
2 541
40 857
46 726
17 824
5 210
49 174
46 979
9 607
9 67
26 902
7 551
46 780
28 596
15 760
5 567
14 387
28 47
44 293
5 611
12 697
8 846
34 298
28 865
6 781
12 216
41 836
12 792
43 278
16 938
33 652
49 157
1 574
15 382
15 429
24 488
23 84
10 686
40 275
3 574
7 599
35 371
26 936
36 143
29 180
21 464
41 873
15 615
21 807
25 128
9 40
18 747
28 36
39 329
29 833
22 10
32 653
7 377
47 81
47 329
12 15
40 20
15 826
34 50
17 311
25 740
50 177
25 75
43 446
13 728
11 771
17 886
50 195
22 368
15 533
48 837
12 707
46 376
30 539
3 609
33 42
11 395
6 949
47 858
26 444
45 146
7 563
49 227
46 660
17 142
18 701
18 792
17 660
16 946
47 387
31 201
2 676
4 922
27 183
39 87
3 946
24 17
44 729
35 197
2 134
14 308
44 178
39 631
48 596
37 430
20 198
47 162
22 990
24 99
3 866
4 941
37 377
50 446
21 855
31 25
44 123
35 805
17 823
7 67
26 656
22 775
15 589
49 939
49 468
12 518
8 27
25 889
5 386
38 434
14 763
4 111
2 361
12 804
32 29
22 669
5 296
12 220
14 450
19 251
23 242
36 996
35 586
10 278
36 732
37 76
4 603
21 955
30 742
24 286
27 128
41 3
15 811
5 563
50 521
33 841
49 947
15 138
49 711
26 433
37 150
21 728
20 785
26 536
47 199
27 694
20 127
42 393
10 781
9 307
10 262
34 922
8 878
43 822
6 472
13 19
15 483
16 976
46 380
21 662
35 886
50 312
16 721
28 523
32 185
19 680
36 176
46 431
32 581
7 542
35 762
23 992
23 324
15 618
39 141
30 372
47 25
23 16
26 655
26 387
1 178
8 33
14 37
14 172
44 484
23 444
41 533
20 774
27 953
4 966
14 785
7 599
21 430
40 853
30 983
34 771
48 336
28 992
2 220
14 38
29 341
19 333
33 428
47 283
30 658
48 97
38 513
48 635
38 163
35 955
37 948
43 953
22 816
8 925
20 115
36 272
36 537
29 591
43 356
31 223
7 576
1 541
24 332
20 822
5 326
11 921
47 653
39 557
30 321
35 629
18 85
43 585
16 584
40 464
49 361
14 99
24 289
23 143
42 546
5 64
5 219
34 350
15 940
25 570
49 495
24 294
21 728
37 954
17 554
40 847
40 241
4 584
44 767
45 240
43 287
19 926
12 904
25 951
1 849
34 134
29 256
44 68
16 577
44 549
42 743
15 85
22 261
2 923
14 662
37 686
32 146
37 354
5 368
49 511
40 245
14 51
13 792
45 229
42 258
14 19
44 869
36 477
8 216
24 565
47 188
8 707
48 414
15 110
29 472
34 174
15 374
29 782
22 67
18 606
32 498
28 80
34 196
40 777
7 900
15 471
1 476
9 444
1088