1 8
12 9
18 6
10 4
17 10
5 13
9 2
15 4
7 9
19 16
9 15
9 26
17 12
14 27
16 4
10 18
2 14
16 4
18 11
1 2
2 25
20 20
2 3
1 10
11 16
17 23
3 28
3 16
5 11
4 8
12 23
20 12
9 29
9 21
20 21
4 20
6 21
15 23
3 27
19 16
7 28
4 7
1 15
4 4
3 14
7 9
4 30
17 6
9 9
10 2
4 27
18 28
14 1
11 5
19 27
13 6
12 28
12 29
1 28
12 12
20 9
8 22
17 26
18 25
17 27
14 25
13 2
19 4
12 11
11 19
2 24
6 9
9 13
1 29
7 2
2 23
2 30
7 10
20 24
19 14
4 28
11 28
16 3
10 12
9 13
9 24
20 22
12 13
3 14
4 8
6 12
3 30
17 19
8 17
6 18
19 11
15 21
12 7
5 4
17 4
8 15
19 21
16 30
3 11
8 12
3 1
10 11
1 19
19 14
19 16
15 11
1 2
6 18
16 14
14 7
17 20
15 2
12 6
20 17
13 21
12 19
5 23
11 17
16 29
4 10
19 22
16 22
17 28
7 10
13 6
17 4
10 3
4 19
5 24
12 21
4 28
2 23
11 14
12 3
11 9
4 25
14 14
17 10
7 10
8 28
11 19
5 12
20 12
8 10
10 4
20 23
5 9
3 13
8 9
2 19
11 29
6 3
2 20
2 4
3 20
1 14
20 18
18 28
8 11
19 15
17 13
16 11
17 1
17 25
4 16
13 15
2 26
7 22
7 15
8 15
14 29
2 18
8 8
15 3
18 15
13 29
6 22
15 7
20 1
18 20
6 3
17 22
17 20
7 9
3 16
15 3
20 21
19 10
14 19
1 19
20 9
19 2
11 2
13 4
16 2
3 2
13 6
2 8
1 9
3 13
11 14
6 16
6 4
5 25
2 14
20 8
12 12
9 1
12 13
1 27
7 6
11 13
20 19
14 9
9 8
19 15
1 15
8 1
1 4
20 2
17 30
12 28
3 22
14 30
19 27
8 5
14 26
6 29
19 20
6 14
12 9
6 14
7 9
15 9
4 19
8 29
17 21
8 27
10 26
2 13
19 25
9 9
6 17
7 9
7 15
5 24
15 18
16 7
7 9
20 20
9 17
3 3
6 28
4 5
12 8
3 11
18 28
6 14
13 5
20 10
5 5
8 18
5 17
5 11
4 1
20 27
4 1
19 20
13 17
12 1
4 5
14 23
4 4
5 12
2 3
5 30
11 10
5 20
9 23
15 11
15 13
19 14
14 25
18 13
20 7
12 25
3 22
7 14
3 30
2 3
12 4
10 14
18 29
19 23
13 11
9 29
13 28
10 12
6 22
9 15
1 15
5 28
10 27
19 22
19 9
20 24
8 14
12 21
19 14
7 29
3 4
10 10
17 1
14 16
7 11
5 12
4 15
7 28
20 20
9 25
12 26
15 24
18 16
11 1
12 10
8 5
15 21
7 10
2 18
8 6
2 8
18 4
17 6
8 18
6 3
11 6
7 18
9 11
14 30
16 26
17 23
16 18
4 26
5 26
10 25
5 25
18 22
5 15
1 14
10 2
13 15
18 27
20 21
13 23
20 3
6 15
12 18
12 30
2 28
12 4
16 21
14 21
4 21
15 21
1 11
18 22
7 26
20 20
9 5
13 23
4 19
7 3
9 26
4 21
20 9
3 2
11 22
8 6
4 17
13 16
17 17
15 12
14 30
10 21
9 28
12 20
1 23
10 23
20 27
17 12
16 7
4 18
14 11
6 27
17 29
19 3
16 17
14 17
3 15
8 18
17 7
3 8
15 8
7 28
16 3
12 17
5 30
12 24
15 22
1 29
6 25
15 2
11 10
10 29
15 6
3 12
11 12
12 22
15 25
9 2
15 19
18 1
2 23
20 30
11 29
9 9
11 5
17 25
3 13
16 28
18 20
18 10
12 7
9 28
12 11
13 30
12 4
19 7
2 12
7 26
13 20
1 10
8 24
13 7
6 8
6 19
8 3
10 14
1 30
12 16
4 20
19 4
5 20
5 15
17 14
4 12
13 21
7 16
10 2
1 15
10 4
1 2
11 5
1 3
13 15
9 1
6 27
9 11
1 23
15 9
19 9
18 12
2 12
3 6
11 10
17 1
8 30
17 10
5 4
18 19
9 26
14 12
7 16
2 6
18 19
13 26
3 1
8 19
7 7
14 8
3 23
2 21
3 16
5 11
5 3
8 17
9 9
17 3
17 5
10 22
4 3
12 13
12 17
16 10
13 14
1 28
15 6
9 29
11 20
17 13
19 10
19 30
8 20
10 29
12 22
7 21
2 22
5 21
13 11
13 8
14 1
2 13
2 16
10 14
19 13
9 26
11 7
1 27
6 29
5 10
18 5
13 6
17 13
13 21
3 22
16 26
5 15
20 14
7 30
15 23
16 2
19 24
8 3
1 9
1 28
15 20
11 15
1 28
13 24
20 9
18 30
20 5
7 29
14 20
13 7
17 22
16 17
14 18
13 3
14 29
8 23
15 6
19 4
8 4
10 18
2 29
8 10
13 27
16 7
14 27
9 27
16 8
16 10
19 22
8 30
18 23
4 27
5 5
17 27
17 9
1 4
9 2
6 3
12 22
6 20
6 6
15 19
7 19
10 18
1 4
5 9
13 3
19 20
1 2
4 26
7 18
16 27
18 27
2 3
3 9
13 13
19 28
14 14
4 8
1 15
5 25
9 9
4 13
1 11
12 19
15 1
17 30
19 25
12 23
16 5
9 11
18 24
20 6
15 22
9 24
16 1
9 10
12 16
16 20
1 9
11 11
16 11
16 25
14 30
18 12
15 3
7 23
12 12
11 24
19 27
15 1
18 29
17 6
20 1
1 21
16 26
13 10
16 25
17 3
8 8
11 12
3 29
18 11
3 3
13 17
6 7
5 2
16 13
16 21
3 10
12 12
1 4
18 15
4 26
16 12
13 27
17 1
13 15
3 22
2 18
13 8
2 17
11 30
18 29
4 15
15 8
9 16
13 15
14 27
5 6
13 24
1 10
7 26
11 4
4 9
5 5
6 21
3 10
4 27
16 20
8 13
6 26
9 17
20 21
2 23
6 18
9 26
16 8
11 5
12 24
16 6
16 18
4 23
6 1
18 29
1 27
14 27
9 18
13 21
7 10
20 19
7 16
18 22
6 2
15 6
1 17
16 5
6 18
9 12
16 27
15 16
19 6
10 19
13 1
6 26
15 26
15 15
4 1
10 25
6 17
14 7
3 26
19 10
3 20
2 1
7 6
17 27
19 29
10 29
19 18
18 20
5 20
4 29
8 7
6 28
4 9
15 21
8 10
4 25
15 28
4 20
17 13
19 10
5 22
18 27
5 17
1 10
13 13
10 29
9 13
13 7
15 20
11 25
14 3
8 9
15 4
18 23
20 28
5 18
14 11
17 26
17 30
6 28
14 21
8 3
3 20
19 15
14 1
10 7
12 28
13 5
12 1
5 16
6 28
3 23
4 10
1 30
15 25
8 15
5 16
3 27
15 21
5 5
3 9
1 23
12 18
12 23
5 3
12 23
14 11
20 18
6 10
19 28
9 14
7 3
12 28
10 14
15 23
4 12
1 15
11 11
14 7
2 11
12 7
10 4
10 23
1 15
10 11
12 23
14 13
17 22
19 20
8 9
11 28
2 24
1 1
6 29
7 29
9 30
1 18
18 1
15 25
17 13
11 5
14 8
1 14
1 18
14 30
4 15
6 11
17 24
13 28
1 1
16 18
20 25
2 13
7 1
2 30
13 7
19 2
17 18
8 4
19 6
14 19
1 20
14 7
5 17
5 14
20 26
18 21
19 19
14 8
11 20
1 5
18 10
16 5
10 12
6 18
18 6
6 25
16 9
19 25
5 30
18 25
11 1
16 24
12 6
17 4
20 6
18 23
7 20
20 15
1 1
6 18
14 17
10 25
3 29
6 3
11 3
10 27
12 11
15 22
4 19
4 6
7 13
14 28
1 23
14 12
3 19
11 9
9 19
1 23
12 9
7 25
12 17
5 16
15 9
14 2
11 16
4 19
17 1
17 8
11 14
3 4
7 22
2 28
14 28
11 8
19 2
5 21
7 22
3 15
20 7
2 21
20 19
17 6
12 14
10 21
17 8
19 16
8 18
20 6
6 17
5 25
17 18
8 24
14 30
16 11
6 13
9 14
15 3
1 3
3 10
10 16
17 23
8 7
20 2
2 1
18 28
11 2
2 12
6 12
17 10
8 2
17 5
5 10
12 16
19 8
10 6
1 28
7 2
2 29
7 16
20 1
2 23
9 11
20 16
1 1
20 25
3 27
18 7
5 7
7 18
5 9
2 15
11 30
3 6
12 19
11 7
18 14
15 8
14 9
2 27
11 22
15 26
10 4
2 27
13 5
18 29
12 13
17 20
1 15
13 9
1 20
19 18
16 16
19 27
19 10
13 20
16 11
20 10
19 13
5 2
8 10
1 26
6 26
10 23
17 5
16 9
9 5
1 15
18 22
4 18
9 7
14 23
16 4
4 5
13 28
19 16
20 5
13 14
3 16
3 6
4 16
16 2
16 23
15 23
17 11
20 21
5 21
19 20
18 21
10 14
17 10
1 11
20 7
15 16
19 16
2 29
10 3
19 8
20 10
6 9
9 13
8 17
13 7
9 18
13 14
7 14
7 20
19 28
10 15
3 24
12 18
3 12
4 18
13 9
3 15
14 6
12 14
14 24
11 23
15 5
7 13
4 2
5 25
2 21
5 20
3 9
1 24
4 15
5 21
12 12
13 6
19 27
7 24
14 11
14 3
4 14
19 14
19 5
20 13
19 26
1 25
17 10
15 10
16 5
5 10
2 10
1 26
11 13
3 6
14 22
12 11
6 5
12 25
17 5
7 5
3 23
7 22
3 22
19 19
10 24
3 6
9 3
11 8
17 22
7 8
20 21
13 17
18 1
12 5
7 26
15 1
17 22
14 17
1 29
12 16
7 21
3 2
15 27
18 14
2 21
20 27
17 1
19 20
3 25
16 18
10 22
2 10
3 1
16 5
12 22
1 22
18 27
19 10
12 29
7 2
9 24
14 23
3 5
10 16
17 9
4 15
12 27
9 23
2 21
7 22
13 21
9 2
2 20
10 17
17 29
6 25
19 2
9 11
17 16
3 22
12 26
2 13
14 20
6 4
18 28
15 11
6 11
20 16
7 19
19 26
14 6
18 21
16 16
12 13
10 12
3 8
2 3
7 19
15 6
4 3
19 25
16 29
9 25
17 15
14 1
12 19
13 25
15 6
14 12
10 26
11 20
8 26
6 26
4 29
17 21
12 4
13 12
15 19
16 6
10 29
4 18
3 6
17 6
14 23
20 17
6 28
13 27
12 27
14 2
12 2
15 30
5 28
2 16
1 5
5 5
13 11
15 11
19 22
16 22
10 1
5 22
13 15
15 2
6 25
4 26
15 15
3 17
18 28
8 1
4 7
3 29
13 17
1 7
4 30
9 12
3 8
5 23
7 21
3 27
18 21
17 10
12 26
7 28
11 10
4 6
20 10
15 14
15 9
11 1
6 11
19 10
12 16
19 2
18 30
15 23
2 4
13 21
10 5
14 6
10 6
13 8
15 21
18 19
9 9
15 10
12 14
8 20
6 27
15 10
4 16
10 24
7 22
7 28
14 18
11 13
10 21
12 21
18 9
9 18
11 17
2 2
1 14
11 27
16 26
18 22
13 29
1 27
7 15
17 20
17 7
14 21
8 9
12 8
19 24
18 19
16 11
5 5
4 5
10 2
16 7
19 13
14 10
13 27
8 13
11 15
1 6
4 12
7 23
15 17
4 16
10 24
16 9
4 26
11 26
2 8
9 11
17 5
1 17
4 5
18 11
10 26
8 8
7 17
2 29
6 9
2 20
16 18
5 6
14 22
1 27
15 9
10 2
20 28
14 16
2 15
18 8
7 24
10 18
12 5
12 5
20 10
7 18
5 2
11 21
13 22
10 12
14 3
3 19
5 11
16 4
7 20
12 10
14 5
7 26
12 17
6 6
2 13
20 11
6 26
15 10
14 16
13 19
4 28
11 12
3 25
11 8
1 26
16 12
17 20
12 25
20 10
6 1
6 25
11 21
13 19
12 15
8 12
9 28
8 28
4 1
19 11
7 6
9 1
15 7
13 3
14 24
17 5
15 12
7 15
3 22
19 23
5 3
18 21
20 8
5 4
15 18
4 6
10 9
9 24
14 6
4 11
13 12
11 1
4 11
9 17
15 28
16 24
14 17
2 18
20 5
1 19
5 28
1 24
16 30
9 16
9 27
19 21
7 16
5 7
4 4
20 7
16 26
13 22
20 6
12 21
4 15
1 18
15 5
6 15
3 23
3 8
1 10
1 7
20 20
18 3
2 11
18 24
4 21
11 16
20 1
9 25
10 17
12 27
9 12
8 16
4 29
3 19
8 9
7 17
4 20
3 15
19 13
20 1
12 8
10 16
15 2
11 3
1 24
1 29
14 5
4 20
18 25
9 25
7 21
7 11
6 19
3 28
4 4
4 17
8 4
11 24
2 14
19 28
9 12
6 11
2 20
14 1
9 10
17 7
9 30
18 2
19 30
1 20
8 19
12 2
7 29
8 12
10 11
1 27
4 14
16 6
12 28
6 18
8 19
17 6
11 2
4 10
15 1
1 4
4 15
7 19
13 13
2966 17911