2148 2197 4
4315 4375 6
7319 7407 13
4049 4111 25
4570 4576 36
1057 1082 33
2664 2687 19
7627 7707 2
9712 9756 15
676 686 15
4965 4986 30
5932 5954 49
2994 3019 45
3337 3428 21
8804 8863 26
662 696 30
5033 5078 4
873 936 1
9892 9980 16
8198 8290 8
6304 6335 35
6388 6452 49
7821 7829 29
4213 4246 40
2641 2680 35
8988 9087 20
2929 2993 26
5843 5912 27
1265 1276 19
4231 4237 20
8957 9045 34
9049 9145 34
8056 8076 11
529 606 24
6507 6598 29
1449 1454 28
746 792 12
6540 6561 46
5056 5087 25
8341 8413 26
7401 7442 3
9069 9094 33
710 789 43
3071 3171 16
7483 7532 16
811 887 16
426 446 49
348 412 14
1446 1544 6
4657 4677 25
3266 3297 50
3507 3532 26
3957 4018 23
5216 5290 19
9592 9689 35
7737 7767 33
3252 3301 32
8752 8763 43
8997 9017 18
1486 1566 3
7949 8024 34
1137 1199 28
2075 2131 11
2368 2369 20
9082 9111 32
2672 2740 4
7396 7473 44
5773 5872 3
4456 4472 10
2698 2757 37
2920 2945 24
2839 2848 19
6828 6854 41
2633 2729 9
4768 4857 4
753 766 16
4909 4964 27
9156 9255 31
9172 9238 20
8383 8454 39
7301 7344 5
7505 7547 44
2430 2451 15
4013 4066 2
5012 5084 3
3462 3543 47
8863 8893 40
7227 7307 40
3432 3439 38
8912 8965 45
4922 5015 30
8144 8147 24
153 170 37
9166 9173 49
842 877 22
9392 9413 14
5889 5917 42
3203 3225 35
7801 7819 14
5816 5866 33
5333 5353 26
1023 1044 16
412 495 9
5892 5922 11
1470 1549 28
7720 7794 20
425 518 34
5739 5820 1
6254 6331 41
1056 1155 23
8647 8658 36
3819 3828 48
8041 8076 16
3703 3760 13
6080 6152 22
2321 2355 29
1607 1673 38
7484 7515 24
9919 9986 13
9089 9107 31
1769 1832 35
6000 6026 14
14 113 19
5643 5675 41
3231 3256 10
3390 3476 40
8897 8938 8
2883 2968 2
4439 4459 45
6032 6107 36
1540 1571 1
8585 8641 10
8561 8639 1
4369 4382 13
2291 2380 11
6515 6585 42
2331 2386 14
823 849 4
8918 8991 10
8343 8388 33
2017 2089 50
2734 2821 18
733 763 43
3817 3886 15
860 895 18
7304 7306 21
3332 3416 40
972 1071 41
1001 1071 36
7377 7413 11
3508 3551 18
6676 6682 50
7298 7301 7
8332 8340 41
7488 7577 49
3582 3591 40
9109 9187 14
76 120 2
7513 7541 17
191 277 10
814 863 36
8263 8310 43
6170 6251 45
5944 6012 32
4500 4560 27
1170 1195 9
4402 4476 37
5698 5738 24
6050 6147 46
1082 1158 1
2671 2682 39
6925 6973 50
5550 5555 42
3243 3265 13
1418 1463 1
5693 5701 50
8052 8085 27
5663 5725 34
3163 3186 26
3571 3593 37
2827 2863 2
5243 5272 9
3441 3536 30
5523 5531 47
6160 6188 49
8415 8484 42
4711 4804 28
5901 5991 22
6941 6948 25
2551 2561 29
5763 5813 30
4724 4788 18
4487 4527 46
6117 6138 1
9564 9597 3
8787 8871 22
3469 3478 50
434 467 10
2330 2414 23
4044 4081 9
209 226 16
527 528 17
8512 8579 21
7373 7461 26
4022 4075 46
6703 6797 22
4512 4579 17
3845 3890 26
272 366 41
5817 5873 21
3717 3719 33
3974 4008 7
1136 1189 35
1358 1378 27
6314 6319 8
3352 3394 27
8045 8072 38
6829 6837 18
6334 6363 27
702 727 4
5847 5877 30
4085 4161 3
5926 5931 42
3863 3868 9
5029 5128 6
2779 2819 24
9234 9299 20
4709 4790 25
8227 8238 45
1799 1806 2
1015 1042 22
4807 4865 17
8092 8158 38
641 726 9
7862 7931 45
5025 5121 5
2642 2653 46
7866 7954 29
7553 7586 27
802 864 11
4118 4155 44
7220 7279 35
2218 2261 6
3847 3872 16
2763 2800 23
7814 7906 5
6228 6301 43
1649 1740 48
9195 9216 20
6787 6850 49
3007 3040 44
2333 2427 43
9554 9584 23
9796 9815 9
3145 3228 21
755 802 29
223 249 24
9692 9740 5
5843 5908 42
6871 6920 33
8170 8239 46
3715 3717 17
8518 8602 11
5629 5705 12
3315 3321 10
4925 5025 36
7371 7426 34
9793 9875 12
1112 1172 14
3689 3734 6
5275 5369 47
5853 5887 25
7215 7264 1
34 117 29
8684 8746 8
7841 7930 10
6286 6295 32
5884 5912 25
8973 9031 17
8826 8892 11
9835 9863 19
1198 1238 6
830 866 38
749 813 5
3205 3211 25
8034 8064 7
7839 7844 18
6611 6707 40
9101 9126 37
2196 2272 35
5053 5095 7
8212 8235 34
1587 1650 31
9591 9604 29
7172 7225 8
4177 4233 43
3287 3290 24
6005 6076 44
7920 7965 44
3723 3743 29
9170 9257 12
9952 9974 32
4853 4873 38
2928 3028 47
8336 8373 2
2289 2359 15
1697 1784 33
5572 5613 29
5432 5504 44
3257 3270 46
2056 2099 12
2940 2975 49
1450 1530 2
1017 1077 44
3846 3912 13
7270 7360 39
9024 9067 3
5858 5929 36
2439 2528 32
2775 2780 40
1140 1176 43
515 589 11
636 721 25
8830 8895 38
8418 8454 2
5465 5525 16
9337 9409 2
4576 4676 29
2829 2911 21
8338 8356 7
3739 3742 47
6647 6697 46
2834 2925 34
7270 7364 40
9026 9085 4
237 250 19
84 156 39
4824 4827 14
797 845 45
3351 3372 16
6807 6870 32
3393 3472 11
6471 6504 40
9459 9533 40
8005 8013 49
7423 7488 44
7329 7424 5
7025 7081 42
4681 4691 38
1979 2023 40
4480 4515 38
1573 1647 12
5424 5437 32
6097 6179 22
2775 2838 5
2205 2246 33
5042 5049 16
7931 7998 7
1537 1577 22
1206 1227 10
1949 1978 44
3403 3495 25
6784 6880 7
871 904 25
6983 7080 11
6192 6289 6
9316 9404 38
6410 6489 23
8665 8670 16
6017 6022 7
9461 9522 26
9679 9766 29
7438 7442 47
9772 9821 27
7577 7660 10
9602 9664 33
7748 7754 24
9813 9823 34
5047 5083 18
9728 9801 17
1692 1767 34
8053 8085 50
327 381 18
3036 3104 8
2734 2817 24
6962 6968 27
6293 6391 10
6086 6099 48
8996 9038 35
1253 1333 21
5004 5082 19
7276 7305 46
7035 7087 42
6672 6680 49
2147 2160 34
7771 7822 28
9502 9520 7
9409 9497 46
9219 9267 49
2572 2591 37
4187 4221 14
9538 9628 44
1605 1667 6
202 289 41
7221 7223 22
1898 1954 31
2297 2380 29
912 968 16
9112 9203 24
3034 3046 2
6609 6635 20
2070 2161 34
4533 4582 20
8235 8303 37
5163 5181 19
7510 7586 26
4219 4298 37
4800 4864 23
2776 2842 14
9380 9412 30
3035 3135 27
3595 3685 19
3850 3852 15
6524 6585 25
7076 7111 48
4309 4345 9
2786 2867 24
6025 6051 23
5937 6028 18
6187 6280 50
9944 9971 39
4891 4979 21
6728 6737 12
2266 2271 18
2864 2885 23
1124 1154 18
6152 6193 37
4893 4909 32
5272 5329 29
9320 9399 30
5298 5387 36
6106 6204 49
2500 2594 3
1256 1338 37
8235 8252 26
5350 5354 41
6440 6509 3
4406 4465 44
2018 2118 44
7403 7484 27
1006 1101 38
9269 9366 13
2263 2328 40
7136 7201 17
6805 6896 43
5730 5777 8
4881 4885 46
1916 1994 47
42 47 32
2265 2337 21
8057 8065 15
1129 1145 32
6004 6097 18
2791 2872 48
9393 9435 7
2221 2286 41
5162 5186 19
7883 7934 44
1676 1719 49
1146 1180 49
801 813 28
1246 1254 5
7727 7800 49
4238 4319 11
3198 3241 34
6987 7049 28
4768 4769 33
143 236 23
8004 8078 32
2654 2707 45
8571 8628 29
5273 5354 38
8808 8899 29
6487 6490 6
6117 6132 34
7076 7105 25
1452 1475 7
3285 3343 31
7774 7811 34
1010 1063 30
3110 3147 4
266 275 25
9497 9542 4
2275 2369 24
8849 8877 49
3353 3356 39
1013 1072 36
6387 6458 45
7275 7373 31
4690 4693 20
4686 4772 36
8312 8348 22
3980 4004 14
6486 6524 1
7878 7919 22
3350 3353 48
5269 5289 24
2650 2740 17
5044 5079 36
3294 3335 16
224 268 25
6938 7038 39
7136 7222 2
8516 8537 47
3868 3959 11
1200 1247 32
79 137 10
4048 4116 7
5075 5085 31
2184 2240 48
4872 4938 2
2739 2764 36
8571 8583 1
5867 5945 33
6618 6700 24
4221 4288 28
752 758 38
6739 6832 43
4873 4951 19
2009 2093 45
6941 6946 44
3672 3716 9
6978 7034 35
228 271 41
4603 4653 4
4423 4469 11
8730 8792 8
2806 2823 35
4729 4818 40
784 795 19
6063 6111 36
2324 2378 29
7421 7455 7
2887 2953 3
7847 7934 13
1472 1528 8
7341 7370 26
1378 1429 10
9718 9818 40
5099 5158 41
9167 9223 31
1681 1731 4
9616 9627 19
1117 1161 29
3291 3382 49
9715 9719 14
7699 7763 11
8384 8466 40
9424 9431 18
5975 6008 22
4711 4775 22
9324 9386 39
9517 9535 11
4582 4597 49
6464 6510 32
8870 8890 24
2580 2616 8
3928 3987 33
2520 2618 36
3814 3823 27
1811 1832 29
6468 6499 26
6360 6400 36
5024 5037 35
3428 3501 6
703 727 15
6152 6240 17
4431 4472 34
2052 2143 32
7032 7059 6
3437 3463 45
7409 7486 41
9924 9990 22
9717 9788 2
8124 8125 30
2480 2527 41
7486 7575 13
758 791 1
6693 6707 28
5599 5671 5
2567 2574 37
3427 3491 43
5684 5692 25
5020 5051 43
9093 9182 11
4391 4403 2
4332 4410 46
7693 7712 46
8730 8744 38
8681 8682 45
388 482 32
6914 6938 28
1413 1459 33
9746 9750 44
5266 5317 23
1473 1503 16
8334 8427 49
6368 6420 33
466 549 10
62 121 30
715 767 41
7127 7152 25
6647 6657 38
3797 3840 33
755 852 37
3892 3926 34
1466 1518 12
2 38 27
1853 1915 22
1011 1103 9
6536 6616 17
514 614 20
7549 7558 37
2128 2154 38
6167 6211 29
9618 9652 42
6461 6555 26
9024 9099 39
6558 6631 37
9033 9085 42
6667 6732 50
9733 9761 50
4072 4118 20
6409 6428 29
1256 1281 18
7527 7619 37
5818 5902 35
9902 9904 15
8336 8375 17
7367 7403 39
2475 2510 20
109 151 41
1508 1549 47
9533 9557 7
3859 3941 46
201 286 7
7594 7662 6
9108 9124 23
5953 5971 23
5407 5433 19
8813 8837 36
4830 4837 14
395 422 16
4490 4550 24
1646 1686 42
714 788 2
2585 2671 10
6180 6219 50
5496 5570 46
9258 9315 10
6436 6461 37
1978 2058 28
8869 8939 24
8949 9043 44
7221 7297 25
1744 1840 19
9573 9663 49
4283 4361 48
7976 7980 6
2904 2922 28
4531 4619 50
71 94 48
4568 4614 27
7069 7114 1
3602 3641 43
4731 4797 37
2636 2668 29
7787 7796 40
3534 3590 5
6823 6845 45
96 145 9
4815 4837 23
5839 5909 48
8125 8207 34
9242 9278 37
7777 7836 45
4813 4846 45
7737 7763 49
1832 1851 27
1776 1781 23
8377 8438 1
8155 8210 19
108 182 6
249 337 12
4133 4223 38
7389 7439 12
7730 7811 19
7123 7128 21
15 36 5
452 456 25
5990 6007 24
6447 6493 49
736 812 39
4064 4127 38
8875 8953 39
926 1015 16
8751 8763 16
3026 3112 27
6102 6138 24
463 491 31
7701 7761 22
7151 7206 10
9093 9095 5
1482 1505 42
4358 4369 13
3868 3932 50
3117 3126 25
4734 4810 49
1297 1303 3
6133 6212 19
3069 3156 6
5559 5609 49
9495 9586 17
2562 2610 18
5221 5311 24
5311 5327 1
1798 1895 3
767 853 42
4697 4778 10
1561 1627 33
1735 1792 20
3010 3094 22
6831 6902 29
9330 9345 21
9138 9238 14
7960 8006 14
5912 5936 4
2145 2181 37
5405 5505 40
6221 6263 20
5544 5554 18
8587 8654 34
2200 2202 46
5932 5965 42
4386 4393 30
2983 2994 32
4516 4536 45
2349 2442 25
1170 1209 8
4462 4484 36
6224 6241 28
2203 2281 50
3685 3742 33
9529 9532 47
1415 1423 29
1635 1724 47
493 560 3
1550 1568 22
8843 8893 25
6277 6309 13
1419 1469 3
9661 9695 37
3246 3324 17
324 397 23
3321 3322 23
9324 9391 21
4745 4789 42
7327 7387 41
8635 8679 18
2962 3018 43
5251 5290 11
9281 9290 3
3695 3756 46
7518 7617 7
3970 4006 16
3768 3848 30
2537 2586 42
176 212 47
3995 4038 25
8182 8210 16
259 335 1
626 666 19
2858 2918 33
7729 7754 15
5052 5118 34
9198 9244 24
797 876 50
9172 9256 29
4881 4955 5
5781 5804 29
1736 1826 17
1417 1494 28
9286 9341 19
7795 7809 23
7005 7038 36
2631 2708 47
4626 4655 28
1048 1102 36
4245 4339 29
7405 7487 50
54 70 10
8750 8817 2
9369 9399 12
5462 5498 32
8273 8343 8
6977 6997 4
7940 7980 43
2399 2444 4
1257 1344 4
2128 2132 6
4270 4321 25
1568 1666 9
9578 9581 42
216 289 44
8853 8874 11
4380 4416 28
1947 1974 23
2090 2181 38
6688 6757 12
3645 3726 11
4137 4181 12
8752 8773 11
9224 9320 1
6110 6118 6
5196 5280 31
5071 5087 39
3357 3441 29
721 814 37
3820 3872 4
6653 6694 4
5346 5385 23
2013 2073 15
1911 2004 16
2937 3019 8
7856 7956 24
9673 9755 36
5845 5860 15
654 720 8
7403 7456 35
4354 4420 28
8643 8716 21
2218 2313 14
9433 9450 27
849 942 19
8431 8496 48
4186 4241 47
3516 3540 38
8461 8508 29
4667 4699 49
5211 5277 22
9590 9658 21
6143 6174 10
7842 7927 47
311 364 45
6161 6172 19
6416 6482 1
8973 9013 31
9883 9885 34
8380 8400 44
6122 6206 42
874 928 27
9063 9135 26
5409 5493 17
677 714 14
4032 4097 28
916 1010 47
9702 9729 13
2319 2383 2
6277 6303 36
3377 3391 26
1716 1804 49
7182 7185 33
4703 4759 45
9946 9987 48
8763 8852 3
2002 2079 26
8018 8023 34
1195 1228 3
4304 4315 6
6874 6892 35
1680 1766 50
6472 6501 50
6943 6954 21
7290 7292 22
2400 2430 23
8042 8059 44
3733 3736 37
5159 5232 25
9573 9636 39
6461 6551 3
791 813 42
8860 8917 50
4950 4973 3
5397 5442 25
7798 7829 19
7509 7521 2
5619 5702 34
8468 8539 24
7451 7541 13
954 1015 30
9045 9088 44
5624 5705 40
3211 3283 36
8437 8494 12
8017 8078 29
5712 5778 38
6872 6972 3
1310 1408 50
2460 2535 30
6436 6440 16
5329 5372 2
7272 7341 27
8487 8582 45
5573 5574 45
7593 7692 21
995 1076 26
6296 6326 42
5361 5382 49
8157 8257 29
7319 7323 33
877 916 35
8790 8841 21
7622 7632 18
1100 1161 30
5609 5661 4
6351 6435 17
5667 5736 43
5662 5680 23
9778 9851 35
7633 7732 49
2025 2061 46
2367 2388 20
9759 9805 45
8422 8435 38
8028 8111 32
2931 3015 17
6703 6721 44
3750 3810 18
4220 4237 50
6586 6680 4
4247 4250 34
7346 7378 3
7407 7423 5
4568 4635 9
8393 8451 21
2802 2888 23
9084 9136 36
504 603 49
5874 5884 21
2945 2947 37
3845 3902 41
7251 7298 14
6633 6704 5
5963 5991 15
7525 7606 35
8670 8706 29
5223 5241 5
7774 7796 26
6880 6975 9
268 274 11
4258 4293 44
1520 1528 43
9129 9173 9
4699 4715 30
4932 4967 46
7466 7496 33
7854 7893 32
4436 4483 41
5239 5285 10
2459 2547 17
1436 1468 27
5952 5969 23
6603 6687 11
6855 6925 47
2851 2947 26
20 21 27
7803 7873 37
7748 7756 37
4944 4986 5
4114 4137 32
2946 2994 7
9940 9982 26
7480 7540 25
4416 4454 1
9696 9727 45
7215 7218 23
2062 2102 5
6229 6300 4
2546 2608 9
1614 1691 46
5763 5799 48
3713 3725 19
1751 1839 18
3412 3487 26
6119 6183 18
4627 4716 31
1234 1290 27
3706 3773 13
484 541 12
5112 5210 26
8420 8475 28
8025 8113 38
7048 7121 18
1925 1966 28
8320 8384 32
7415 7455 17
518 553 42
2119 2139 34
2458 2518 8
1997 2045 41
4068 4166 20
9319 9355 26
6883 6895 25
4009 4068 8
3334 3337 4
8508 8607 27
1170 1233 11
3227 3303 50
8362 8382 45
3248 3334 17
4302 4356 17
2234 2283 48
5178 5257 29
9475 9547 47
5393 5416 21
1283 1301 2
400 476 23
5481 5519 45
6599 6643 31
3238 3273 4
429 451 41
4819 4839 47
3993 4026 33
5830 5864 44
8926 8948 12
5432 5452 13
5208 5291 39
9004 9045 12
1542 1584 38
4481 4569 38
4507 4508 25
1249 1310 8
6197 6198 24
3329 3389 49
7626 7716 49
6011 6110 7
8482 8508 41
7598 7659 45
9112 9187 4
2800 2877 21
1568 1640 49
6721 6730 10
2636 2653 50
3864 3868 31
1413 1476 12
4892 4953 16
1590 1654 25
8395 8409 6
9902 9994 50
316 374 6
7288 7344 15
766 833 27
1545 1556 34
5186 5228 46
4457 4550 43
4879 4920 15
434 527 9
7459 7540 37
5671 5710 43
131 203 33
183 203 21
4528 4572 21
2882 2919 32
7236 7285 11
9442 9519 18
912 962 48
3429 3510 11
6265 6276 37
2737 2761 29
2082 2142 24
3068 3095 41
7566 7588 15
8920 9005 1
3856 3929 43
6244 6344 23
5072 5153 5
728 811 42
4699 4765 47
2027 2088 28
3412 3436 22
683 737 35
1538 1571 26
4162 4255 39
1537 1568 43
2014 2045 41
5314 5361 32
4910 4951 37
5572 5657 44
2737 2772 13
9925 10000 21
2442 2518 11
9003 9021 36
5783 5799 20
3853 3892 15
4419 4442 38
6910 6973 13
6037 6137 23
4852 4928 50
5959 5987 28
6948 7005 3
9130 9137 25
3737 3789 7
9209 9229 30
4883 4894 25
7482 7554 1
538 579 3
1227 1276 28
3950 3951 20
1155 1179 19
8218 8231 17
3805 3873 15
3654 3697 24
7201 7291 17
2906 3003 35
8050 8127 45
9923 9976 13
3537 3541 31
4391 4480 6
5289 5313 8
7643 7697 50
6498 6544 22
1219 1310 16
5759 5772 30
6123 6198 49
2644 2665 44
8806 8887 20
28 126 39
9191 9291 18
7549 7635 14
2779 2853 50
925 966 31
3266 3315 35
5060 5159 3
4413 4448 25
4990 5054 2
4506 4606 22
3804 3858 20
3088 3149 9
3069 3105 18
1591 1606 43
5262 5310 26
4466 4479 43
3916 4008 47
6500 6517 15
6456 6493 15
6316 6376 32
6969 6998 47
7271 7309 11
9262 9272 43
8261 8278 30
8687 8768 13
9405 9410 45
2562 2569 7
5193 5201 18
8899 8914 37
388 483 6
805 865 4
4091 4151 16
2431 2499 7
3619 3695 29
2704 2716 35
4747 4762 42
7636 7668 21
714 791 17
2755 2760 40
112 211 16
54 117 28
6906 7000 43
1033 1124 10
2704 2799 2
7472 7540 32
9090 9149 21
1679 1748 5
8844 8917 28
9602 9613 34
4312 4322 22
897 975 20
9757 9819 24
1767 1866 30
5531 5596 12
7242 7331 43
4356 4383 10
6968 7008 26
1675 1732 12
822 889 31
4175 4246 36
6440 6459 30
8453 8547 10
5987 6077 40
9396 9480 17
4681 4765 43
9265 9334 23
9540 9570 26
9893 9900 38
708 806 28
5027 5080 10
524 606 7
411 490 37
1525 1548 48
8163 8174 6
6985 7016 19
4323 4361 32
4849 4944 2
6297 6356 39
3091 3170 4
245 249 27
390 465 32
6292 6389 19
763 771 14
3737 3750 28
1667 1754 14
9389 9450 32
829 924 50
4414 4510 40
7054 7070 44
2783 2837 41
8526 8556 13
7823 7921 21
2231 2239 32
1442 1469 3
3655 3675 40
3340 3355 24
8615 8659 5
3273 3290 27
6411 6505 50
1109 1202 39
6547 6548 27
4961 5018 35
3308 3404 27
5233 5320 19
2297 2377 40
7001 7047 26
9816 9850 21
1509 1564 37
5726 5804 9
8988 9062 28
6987 7033 40
5128 5174 18
1830 1892 28
7860 7938 42
3160 3225 22
2908 2970 23
8878 8913 33
1600 1669 4
7158 7212 20
7893 7959 45
1538 1620 39
7217 7244 36
637 733 24
6233 6242 43
1585 1609 22
4972 5012 37
4038 4057 19
8458 8535 8
5448 5526 27
6868 6959 26
9380 9428 18
7420 7485 33
2988 3073 38
7140 7214 16
3590 3608 24
1897 1981 28
4658 4758 34
8090 8113 16
1066 1071 31
2180 2221 17
4647 4691 2
19 92 42
5682 5709 5
8305 8397 6
1184 1223 15
1698 1773 19
1644 1647 28
4345 4397 26
114 168 23
8599 8608 18
7200 7210 21
217 280 47
1586 1619 11
4160 4244 35
862 914 47
7390 7415 25
7849 7861 48
8441 8489 3
1670 1760 14
6066 6083 8
3261 3262 38
6969 6972 46
9415 9483 46
7381 7384 42
1347 1436 22
6883 6885 38
7718 7778 20
300 349 3
2689 2765 14
578 641 29
9476 9494 37
9000 9087 37
5545 5584 32
2406 2451 17
524 603 47
8935 9000 18
7625 7670 26
4306 4402 33
437 531 16
232 305 5
4828 4922 36
599 684 18
2756 2798 29
9143 9230 43
460 527 36
7809 7883 3
8067 8150 23
7877 7955 50
9187 9211 27
5618 5698 28
4386 4441 1
3069 3141 38
8503 8601 17
1770 1845 45
6067 6143 35
5281 5345 12
1386 1474 29
9627 9628 37
3711 3730 39
8573 8655 9
906 968 27
3279 3327 42
4318 4412 49
4726 4728 6
3552 3604 32
8529 8553 32
7823 7834 8
9609 9626 43
7457 7491 49
6520 6550 48
8662 8673 37
3793 3795 36
6885 6894 27
5212 5251 48
9270 9336 20
7462 7515 23
3191 3251 49
15 104 22
5100 5129 9
9862 9956 46
7447 7497 43
4473 4529 24
910 917 45
1764 1849 10
1987 2027 1
2957 3043 7
4408 4465 14
5658 5695 47
8513 8597 4
5590 5623 38
5616 5638 50
6897 6934 24
3114 3164 25
8027 8105 2
4 8 31
2837 2924 50
9386 9460 12
8790 8828 47
9986 10000 33
7595 7632 39
7680 7737 5
6237 6284 19
5939 5976 28
5604 5633 20
2461 2498 31
3851 3889 43
1914 1973 24
4445 4470 7
1058 1144 1
2823 2923 46
392 488 13
9678 9702 15
5673 5730 37
6088 6091 25
8154 8195 14
7472 7568 41
5282 5371 32
339 390 7
8106 8126 5
9226 9256 45
2446 2513 6
1669 1762 25
4339 4405 7
9260 9267 33
5520 5577 23
9138 9158 48
2175 2220 32
2899 2903 21
9383 9463 49
2849 2921 1
7490 7590 43
7778 7874 13
5977 6071 23
1617 1706 25
5442 5509 46
3706 3721 17
15 25 50
5946 6017 32
89 181 39
4477 4529 28
7357 7377 6
8684 8732 27
6084 6085 9
4427 4450 14
3727 3736 18
7227 7311 28
9184 9202 35
1276 1343 32
7327 7353 40
6353 6380 3
7362 7382 9
1324 1332 22
5830 5884 45
5211 5223 49
6432 6511 8
9212 9283 32
3460 3495 3
5462 5538 36
2740 2757 2
2945 2984 25
6621 6678 31
7025 7053 10
5243 5332 39
9494 9591 6
1701 1779 49
6548 6556 42
3594 3685 2
5437 5465 28
4023 4060 45
2623 2683 23
5778 5837 38
736 814 30
3157 3178 39
7086 7101 19
5784 5802 33
5703 5723 31
937 1001 35
6510 6534 29
6887 6975 17
2240 2290 6
4582 4660 15
238 277 40
2395 2450 29
9626 9633 21
5338 5379 7
1635 1719 44
5299 5303 2
5424 5502 40
1680 1751 2
84 181 22
2217 2226 18
8835 8838 25
2221 2231 27
7186 7256 18
6200 6209 31
3823 3876 28
6027 6116 44
2060 2141 28
9156 9177 23
7176 7247 41
4643 4672 33
8446 8536 39
4787 4830 29
6495 6499 26
9889 9988 7
1888 1955 9
723 749 19
6921 6978 36
1686 1739 46
1879 1890 21
4211 4280 36
8850 8853 22
2598 2622 24
5263 5358 26
8292 8364 35
8976 9003 32
7483 7567 24
849 943 13
6447 6477 15
5093 5192 44
8154 8207 14
9552 9590 6
1786 1864 29
535 576 28
6788 6808 1
6785 6831 14
8380 8450 7
2148 2168 2
4903 4990 17
9002 9074 41
5746 5773 42
4357 4403 19
9783 9838 39
2163 2243 43
523 560 35
4570 4603 31
3821 3896 7
423 455 5
8749 8806 31
3130 3171 38
6127 6184 17
9518 9547 29
6384 6477 16
3643 3694 26
3550 3557 31
2602 2614 6
5723 5778 15
5624 5718 16
156 198 18
5062 5114 37
918 1007 6
8889 8972 9
7141 7185 37
4971 4999 21
7045 7093 49
603 604 6
5193 5261 40
4476 4523 27
6428 6443 23
4040 4079 33
8201 8276 15
8597 8605 42
6977 6997 25
348 434 46
1252 1325 36
6851 6870 36
6956 7046 30
5003 5092 16
4653 4694 35
5347 5373 43
5510 5607 34
9738 9834 47
3880 3954 23
8093 8098 33
7567 7577 48
664 733 21
5254 5311 45
106 187 29
5180 5196 33
5839 5926 18
6853 6857 5
7926 7983 34
2846 2870 35
4289 4322 1
2712 2788 39
3652 3745 12
9957 9959 36
9278 9316 6
2449 2539 3
2487 2540 29
2825 2842 43
2362 2411 20
2345 2385 25
7069 7104 13
760 829 41
1277 1364 8
6937 7017 28
6123 6171 32
4684 4776 22
7690 7693 34
2259 2346 36
6530 6582 8
1070 1139 47
8785 8872 45
9391 9490 31
1910 1996 14
437 454 28
8172 8249 1
7915 8015 42
3444 3516 32
2362 2434 26
777 842 38
1447 1463 15
6765 6836 33
9239 9325 34
2182 2244 33
5579 5589 46
6212 6279 42
7549 7599 7
6570 6604 3
6927 7011 8
1908 1972 10
404 454 9
1671 1693 23
2813 2891 21
8373 8375 44
4844 4879 5
3014 3084 6
8387 8487 15
3675 3714 5
7653 7727 17
1744 1841 45
127 177 30
9046 9048 7
4356 4428 39
3402 3406 21
4564 4642 41
6102 6116 13
128 200 50
1338 1358 5
2948 3001 41
5166 5207 31
7957 7977 20
7435 7494 21
5255 5328 46
4889 4950 24
5042 5050 6
2326 2331 20
2785 2814 17
6029 6079 34
1277 1325 41
1791 1846 49
5424 5479 29
7820 7828 8
4419 4482 19
7697 7719 22
2959 3051 2
5085 5141 47
3015 3092 14
2962 3015 33
5549 5587 37
6015 6108 35
9488 9577 10
1903 1977 26
3186 3244 31
6513 6576 44
8360 8384 16
5500 5557 13
6053 6100 11
1144 1233 24
9120 9190 1
5018 5059 11
5519 5554 25
5251 5327 37
549 572 40
5051 5123 46
3171 3200 16
5691 5751 17
228 234 20
5111 5199 26
158 172 14
1266 1333 43
9266 9344 4
6416 6459 28
7114 7191 34
1028 1073 5
5927 6001 44
4424 4431 6
3332 3381 22
3287 3347 24
8109 8205 27
8286 8310 30
9355 9356 45
1286 1385 3
1554 1653 22
5966 5999 25
396 460 7
6774 6823 26
5448 5503 2
7473 7522 39
4225 4233 36
1486 1524 18
9431 9467 43
8014 8068 29
8895 8948 3
5779 5849 4
2081 2125 7
7742 7781 25
9354 9411 30
4937 4985 43
8248 8285 24
1682 1701 12
6970 7032 5
6382 6479 43
2265 2316 8
8066 8070 42
7044 7078 25
7346 7395 21
3183 3226 42
8254 8343 13
7721 7754 48
958 1014 46
6936 6951 23
56 121 43
5765 5783 24
6439 6510 16
6564 6627 26
9667 9706 48
6264 6359 45
9089 9186 22
6393 6445 2
4444 4480 45
7382 7392 7
9739 9786 4
943 980 36
4358 4425 7
4893 4959 25
4820 4867 30
4452 4471 32
388 451 31
3527 3601 16
1060 1124 22
1890 1954 24
5555 5625 11
4513 4554 1
3051 3076 39
3256 3332 34
2398 2439 30
1307 1370 35
733 800 9
1968 2019 26
3111 3169 18
8234 8255 47
1957 1967 40
2681 2736 16
8268 8359 26
3330 3425 40
4265 4283 35
7443 7497 21
6715 6756 40
4795 4848 35
9845 9887 38
5791 5846 13
9310 9378 26
7145 7234 7
4089 4159 8
728 801 13
881 915 11
4273 4308 2
414 455 20
2897 2997 1
1579 1597 19
8614 8714 38
3672 3724 38
7584 7614 50
9966 9989 16
2687 2692 21
7020 7032 23
4639 4735 22
6516 6589 18
7814 7907 27
9020 9021 40
1549 1552 22
5552 5586 10
4891 4945 7
9806 9891 30
1752 1756 37
6835 6851 5
1401 1501 48
6681 6768 50
3117 3198 15
173 235 48
153 208 1
5854 5873 10
920 1009 45
318 397 3
3694 3701 23
2950 2986 19
7930 7960 39
5966 5996 28
3811 3909 45
1486 1577 35
7537 7566 21
7264 7351 42
1345 1366 36
9768 9822 38
9151 9187 13
8785 8804 17
7759 7824 19
2529 2576 26
7701 7702 11
8535 8618 16
4903 4959 38
9193 9266 17
5786 5799 13
8856 8861 46
5974 6062 42
8430 8497 19
394 490 38
1021 1113 41
540 542 6
9646 9681 15
2887 2926 47
2773 2792 35
9501 9580 29
9374 9445 40
5056 5103 6
5111 5204 19
4134 4234 45
4559 4654 23
4194 4233 3
8508 8570 10
2209 2287 11
3499 3537 38
9222 9275 47
1476 1520 25
3528 3623 4
288 369 35
548 575 28
3417 3436 47
8900 8935 31
5967 6019 9
2483 2519 7
8977 9002 19
5574 5652 10
872 955 13
5104 5144 43
9669 9671 24
9901 9978 7
1269 1303 8
7878 7949 41
2885 2936 13
7785 7796 17
9907 9973 7
1109 1187 15
1394 1409 44
8688 8784 32
5924 5984 29
9266 9315 3
3381 3474 46
1727 1755 22
7302 7377 7
849 918 29
3422 3466 25
2166 2215 45
5838 5853 29
8402 8416 46
7171 7222 41
9236 9256 31
2618 2657 28
1020 1097 33
9464 9491 7
5443 5471 48
298 352 28
1145 1208 47
6771 6833 49
5771 5794 23
7301 7305 25
9572 9635 47
266 295 12
6127 6144 21
8193 8198 26
1066 1158 27
5809 5869 2
2115 2209 19
4233 4255 12
6119 6177 32
9488 9514 49
6045 6073 23
5835 5857 43
5099 5167 31
4478 4577 28
2223 2242 19
6592 6658 41
9361 9372 38
7182 7207 30
4787 4851 40
4430 4466 16
8668 8709 5
7525 7613 50
3939 4017 44
1015 1114 42
2767 2863 44
1841 1873 17
2163 2262 49
7137 7203 3
7762 7797 38
2348 2393 4
8404 8459 42
839 911 28
6758 6803 4
7471 7555 42
4894 4913 24
2666 2740 39
3968 4026 9
8801 8898 50
7435 7473 39
4435 4464 30
2285 2342 37
4189 4217 31
5914 5994 17
860 955 12
4057 4074 41
7046 7064 4
1868 1941 45
1369 1436 1
4959 5025 36
9910 9967 31
3537 3542 18
9298 9306 30
2803 2818 11
453 461 4
9426 9457 9
4002 4065 3
7584 7641 20
2204 2270 40
1744 1828 13
5270 5335 27
4798 4858 47
3504 3544 21
7232 7332 7
9228 9315 35
9374 9418 44
3979 4066 26
558 586 34
2258 2259 31
6759 6796 1
1247 1300 28
8428 8506 1
2047 2051 19
1012 1062 43
9247 9297 48
1654 1658 32
8144 8216 45
2956 3050 37
7104 7151 41
9952 9972 11
3423 3426 35
5343 5372 50
9221 9294 6
107 152 8
3099 3166 29
9222 9272 44
1446 1542 48
547 580 34
8412 8462 14
3876 3903 30
5535 5610 39
7816 7914 33
9670 9770 50
115 147 40
1205 1277 32
2072 2106 41
9506 9515 31
1366 1388 5
5329 5341 19
3560 3599 38
2152 2171 17
9778 9854 49
7881 7915 38
4021 4097 9
3299 3315 43
8055 8127 33
8247 8274 15
2236 2279 16
3119 3123 24
4397 4496 31
5978 6003 50
6830 6841 25
7521 7589 26
8383 8406 12
1681 1727 48
3430 3495 19
7477 7520 32
6234 6277 46
3551 3586 12
2575 2627 27
5618 5660 14
7773 7832 4
986 1045 43
1354 1437 37
6101 6164 41
2717 2765 19
3615 3655 11
1530 1594 26
942 1007 48
1988 2072 2
9413 9450 50
2582 2631 6
9482 9578 24
7595 7670 20
4999 5082 2
4175 4182 23
5954 6029 45
1529 1574 5
4857 4890 48
6136 6236 38
4597 4651 46
4888 4973 10
5876 5927 43
5417 5454 15
44 74 7
2077 2139 41
2096 2099 46
10000